93
00
A0
00
13
81
40
01
B3
81
20
00
33
82
21
40
B7
12
00
00
13
03
20
03
B3
F3
62
00
33
EE
53
00
B3
4E
7E
00
13
FF
3E
00
93
6F
6F
00
13
C4
9F
00
93
54
24
00
33
99
94
00
B3
59
99
00
93
14
24
00
23
20
30
00
03
25
00
00
B3
22
11
00
33
B3
91
00
B3
53
64
40
93
A6
D4
02
13
B9
49
00
93
57
25
40
23
02
30
01
23
14
80
00
23
36
C0
01
83
0C
40
00
83
1B
80
00
03
4F
40
00
83
5B
80
00
03
65
00
00
03
3E
C0
00
EF
0B
80
00
67
8D
C7
08
97
44
01
00
63
02
31
06
63
92
A4
00
63
C4
A4
00
63
D2
F1
00
63
E5
A4
00
63
F2
F1
00
E7
00
00
00
13
00
00
00